Precision: 0.9866064092029581
Recall: 0.6627111160172204
F1_score: 0.7928552562070788
Accuracy: 0.7134112917960899
Error_threshold: 0.01572013460099697