Precision: 0.8278351457552774
Recall: 1.0
F1_score: 0.9058094190580942
Accuracy: 0.8278823314452768
Error_threshold: 0.6128759398062523