Precision: 0.9886545222115692
Recall: 0.6829672149243846
F1_score: 0.8078605471045244
Accuracy: 0.7311346610634022
Error_threshold: 0.013101157732307911