Precision: 0.8276082587246483
Recall: 1.0
F1_score: 0.9056735816045989
Accuracy: 0.8276082587246483
Error_threshold: 0.3196304411256826