Precision: 0.8279108024127216
Recall: 1.0
F1_score: 0.9058547072646367
Accuracy: 0.8279736890188196
Error_threshold: 0.14189987368280849