Precision: 0.8277516333896834
Recall: 0.9999448062700077
F1_score: 0.9057367829021372
Accuracy: 0.8277452950849625
Error_threshold: 0.1536491278562725