Precision: 0.8944009880609304
Recall: 0.719450270449277
F1_score: 0.797442799461642
Accuracy: 0.6975150739996345
Error_threshold: 0.10550608485937119